class Stop:
    stop_id = {0: ("Anderlecht", 118.382),
               1: ("Bruxelles", 179.277),
               2: ("Ixelles", 86.513),
               3: ("Etterbeek", 47.786),
               4: ("Evere", 41.131),
               5: ("Ganshoren", 24.865),
               6: ("Jette", 52.201),
               7: ("Koekelberg", 21.774),
               8: ("Auderghem", 33.740),
               9: ("Schaerbeek", 133.010),
               10: ("Berchem-Sainte-Agathe", 24.830),
               11: ("Saint-Gilles", 50.002),
               12: ("Molenbeek-Saint-Jean", 97.005),
               13: ("Saint-Josse-ten-Noode", 27.032),
               14: ("Woluwe-Saint-Lambert", 56.303),
               15: ("Woluwe-Saint-Pierre", 41.580),
               16: ("Uccle", 82.275),
               17: ("Forest", 56.008),
               18: ("Watermael-Boitsfort", 25.012),
               19: ("BNB", 0)}

    def __init__(self, id):
        self.id = id
        self.name = Stop.stop_id[id][0]
        self.money = Stop.stop_id[id][1] * 0.7  # 70 cents par habitant

    def __str__(self):
        return str(self.id)

    def __repr__(self):
        return self.__str__()

    @staticmethod
    def distance_between(id1, id2):
        distances = [
                     [0.0, 3.7, 3.8, 5.3, 8.8, 4.9, 5.6, 3.7, 10.6, 4.7, 5.1, 2.7, 3.4, 3.8, 8.6, 8.7, 5.0, 3.9, 9.3, 3.0],
                     [3.7, 0.0, 3.2, 4.6, 8.6, 5.7, 6.2, 4.2, 9.9, 5, 6, 2.3, 3.3, 3.1, 7.8, 7.9, 4.7, 4.7, 8.7, 0.7],
                     [3.8, 3.2, 0.0, 2.1, 6.8, 9.0, 9.4, 7.0, 5.9, 3.6, 10.1, 2.6, 6.1, 3.3, 5.8, 5.9, 5.1, 5.4, 5.8, 3.7],
                     [5.3, 4.6, 2.1, 0.0, 5.6, 7.4, 7.8, 6.0, 4.3, 2.3, 8.6, 4.2, 5.4, 2.4, 3.5, 3.7, 6.3, 6.9, 5.9, 2.9],
                     [8.8, 8.6, 6.8, 5.6, 0.0, 8.8, 7.8, 7.4, 9.3, 3.1, 10.9, 8.5, 6.9, 4.8, 5.6, 6.8, 10.9, 10.9, 11.8, 5.5],
                     [4.9, 5.7, 9.0, 7.4, 8.8, 0.0,	3.1, 3.0, 13.6, 6.3, 1.3, 9.5, 4.2, 6.2, 11.5, 11.7, 14.6, 12.9, 15.0, 5.9],
                     [5.6, 6.2, 9.4, 7.8, 7.8, 3.1, 0.0, 2.2, 13.1, 5.1, 3.4, 6.8, 4.1, 5.7, 11.1, 11.2, 11.5, 13.0, 14.5, 5.4],
                     [3.7, 4.2, 7.0, 6.0, 7.4, 3.0, 2.2, 0.0, 11.3, 4.7, 3.0, 5.2, 2.6, 3.9, 9.3, 9.4, 8.4, 7.1, 12.7, 4.1],
                     [10.6, 9.9, 5.9, 4.3, 9.3, 13.6, 13.1, 11.3, 0.0, 6.3, 13.9, 7.0, 10.6, 6.4, 3.9, 2.9, 9.1, 10.2, 2.8, 6.8],
                     [4.7, 5.0, 3.6, 2.3, 3.1, 6.3, 5.1, 4.7, 6.3, 0.0, 6.6, 4.3, 3.4, 0.6, 5.1, 5.4, 6.8, 6.8, 8.5, 2.1],
                     [5.1, 6.0, 10.1, 8.6, 10.9, 1.3, 3.4, 3.0, 13.9, 6.6, 0.0, 7.3, 3.8, 6.5, 11.8, 12.0, 13.7, 10.9, 15.3, 7.6],
                     [2.7, 2.3, 2.6, 4.2, 8.5, 9.5, 6.8, 5.2, 7.0, 4.3, 7.3, 0.0, 3.9, 3.9, 7.9, 8.0, 2.7, 3.1, 6.9, 4.3],
                     [3.4, 3.3, 6.1, 5.4, 6.9, 4.2, 4.1, 2.6, 10.6, 3.4, 3.8, 3.9, 0.0, 3.3, 8.7, 8.8, 6.3, 5.8, 10.5, 2.5],
                     [3.8, 3.1, 3.3, 2.4, 4.8, 6.2, 5.7, 3.9, 6.4, 0.6, 6.5, 3.9, 3.3, 0.0, 10.5, 10.3, 2.0, 6.8, 6.7, 6.2],
                     [8.6, 7.8, 5.8, 3.5, 5.6, 11.5, 11.1, 9.3, 3.9, 5.1, 11.8, 7.9, 8.7, 10.5, 0.0, 1.5, 9.4, 10.5, 6.4, 5.8],
                     [8.7, 7.9, 5.9, 3.7, 6.8, 11.7, 11.2, 9.4, 2.9, 5.4, 12.0, 8.0, 8.8, 10.3, 1.5, 0.0, 10.4, 10.3, 5.3, 5.6],
                     [5.0, 4.7, 5.1, 6.3, 10.9, 14.6, 11.5, 8.4, 9.1, 6.8, 13.7, 2.7, 6.3, 2.0, 9.4, 10.4, 0.0, 2.0, 6.7, 6.2],
                     [3.9, 4.7, 5.4, 6.9, 10.9, 12.9, 13.0, 7.1, 10.2, 6.8, 10.9, 3.1, 5.8, 6.8, 10.5, 10.3, 2.0, 0.0, 8.5, 6.3],
                     [9.3, 8.7, 5.8, 5.9, 11.8, 15.0, 14.5, 12.7, 2.8, 8.5, 15.3, 6.9, 10.5, 6.7, 6.4, 5.3, 6.7, 8.5, 0.0, 9.4],
                     [3.0, 0.7, 3.7, 2.9, 5.5, 5.9, 5.4, 4.1, 6.8, 2.1, 7.6, 4.3, 2.5, 6.2, 5.8, 5.6, 6.2, 6.3, 9.4, 0.0]
                     ]

        return distances[id1][id2]